   1.0010010e+12   2.7846447e+00  -2.1241223e+00
   2.0020020e+12   2.4849121e+00  -1.3423983e+00
   3.0030030e+12   2.3758223e+00  -1.2113620e+00
   4.0040040e+12   2.2194204e+00  -1.1476080e+00
   5.0050050e+12   2.0482324e+00  -1.1112753e+00
   6.0060060e+12   1.9212388e+00  -1.0324543e+00
   7.0070070e+12   1.8512763e+00  -9.4264113e-01
   8.0080080e+12   1.8477236e+00  -8.8098646e-01
   9.0090090e+12   1.8944925e+00  -8.9035292e-01
   1.0010010e+13   1.9140893e+00  -9.6102412e-01
   1.1011011e+13   1.8883800e+00  -1.0895874e+00
   1.2012012e+13   1.8074724e+00  -1.2056038e+00
   1.3013013e+13   1.7045798e+00  -1.2939362e+00
   1.4014014e+13   1.5816276e+00  -1.3477536e+00
   1.5015015e+13   1.4401411e+00  -1.4358088e+00
   1.6016016e+13   1.2587232e+00  -1.4849916e+00
   1.7017017e+13   1.0634849e+00  -1.5332853e+00
   1.8018018e+13   7.8596296e-01  -1.5307983e+00
   1.9019019e+13   5.5294555e-01  -1.4342584e+00
   2.0020020e+13   3.2118656e-01  -1.2647962e+00
   2.1021021e+13   1.5522258e-01  -1.0134636e+00
   2.2022022e+13   9.3634001e-02  -7.4770828e-01
   2.3023023e+13   1.0666619e-01  -4.3910530e-01
   2.4024024e+13   2.5419737e-01  -2.1651782e-01
   2.5025025e+13   4.2031219e-01  -1.2376067e-01
   2.6026026e+13   5.4116315e-01  -8.6741357e-02
   2.7027027e+13   6.2512865e-01  -7.1187749e-02
   2.8028028e+13   6.9132374e-01  -6.7120061e-02
   2.9029029e+13   7.4084996e-01  -6.2621750e-02
   3.0030030e+13   7.8178290e-01  -6.3125020e-02
   3.1031031e+13   8.1366838e-01  -6.5876894e-02
   3.2032032e+13   8.4036415e-01  -6.7546473e-02
   3.3033033e+13   8.5845364e-01  -6.7981399e-02
   3.4034034e+13   8.7396008e-01  -6.8978679e-02
   3.5035035e+13   8.8730113e-01  -6.7109845e-02
   3.6036036e+13   8.9722815e-01  -6.3868212e-02
   3.7037037e+13   9.0905553e-01  -5.9267408e-02
   3.8038038e+13   9.2061415e-01  -5.2232423e-02
   3.9039039e+13   9.3378934e-01  -4.5161461e-02
   4.0040040e+13   9.4898156e-01  -3.8826782e-02
   4.1041041e+13   9.6471668e-01  -3.4395265e-02
   4.2042042e+13   9.8408603e-01  -3.0493713e-02
   4.3043043e+13   1.0050684e+00  -2.8308603e-02
   4.4044044e+13   1.0301857e+00  -2.9988791e-02
   4.5045045e+13   1.0628130e+00  -3.6233178e-02
   4.6046046e+13   1.1096122e+00  -5.5640024e-02
   4.7047047e+13   1.1833366e+00  -1.2049270e-01
   4.8048048e+13   1.1729504e+00  -3.6261627e-01
   4.9049049e+13   8.3640119e-01  -3.7838310e-01
   5.0050050e+13   7.5636944e-01  -1.4288644e-01
   5.1051051e+13   8.4437630e-01  -3.8595596e-02
   5.2052052e+13   9.0349676e-01  -1.9272326e-02
   5.3053053e+13   9.3674936e-01  -1.5590958e-02
   5.4054054e+13   9.5752066e-01  -1.4960378e-02
   5.5055055e+13   9.7263724e-01  -1.4691740e-02
   5.6056056e+13   9.8454437e-01  -1.3972125e-02
   5.7057057e+13   9.9508082e-01  -1.3078776e-02
   5.8058058e+13   1.0046660e+00  -1.2152506e-02
   5.9059059e+13   1.0135936e+00  -1.1716863e-02
   6.0060060e+13   1.0223685e+00  -1.2028637e-02
   6.1061061e+13   1.0299871e+00  -1.2425676e-02
   6.2062062e+13   1.0364508e+00  -1.3140594e-02
   6.3063063e+13   1.0422526e+00  -1.3143174e-02
   6.4064064e+13   1.0490228e+00  -1.2632631e-02
   6.5065065e+13   1.0554666e+00  -1.2172741e-02
   6.6066066e+13   1.0626230e+00  -1.2280321e-02
   6.7067067e+13   1.0695827e+00  -1.2943643e-02
   6.8068068e+13   1.0763045e+00  -1.4072283e-02
   6.9069069e+13   1.0827731e+00  -1.5192873e-02
   7.0070070e+13   1.0890057e+00  -1.6268559e-02
   7.1071071e+13   1.0950024e+00  -1.7232430e-02
   7.2072072e+13   1.1012085e+00  -1.7779023e-02
   7.3073073e+13   1.1079127e+00  -1.8280870e-02
   7.4074074e+13   1.1150869e+00  -1.8767616e-02
   7.5075075e+13   1.1226228e+00  -1.9528545e-02
   7.6076076e+13   1.1306600e+00  -2.0385804e-02
   7.7077077e+13   1.1392257e+00  -2.1421944e-02
   7.8078078e+13   1.1484657e+00  -2.2678154e-02
   7.9079079e+13   1.1582761e+00  -2.4080678e-02
   8.0080080e+13   1.1688814e+00  -2.5977804e-02
   8.1081081e+13   1.1801746e+00  -2.8487639e-02
   8.2082082e+13   1.1924110e+00  -3.1352706e-02
   8.3083083e+13   1.2056504e+00  -3.4499185e-02
   8.4084084e+13   1.2198671e+00  -3.7951215e-02
   8.5085085e+13   1.2356632e+00  -4.1907683e-02
   8.6086086e+13   1.2530623e+00  -4.5936998e-02
   8.7087087e+13   1.2728414e+00  -5.1342867e-02
   8.8088088e+13   1.2960701e+00  -5.6927152e-02
   8.9089089e+13   1.3240110e+00  -6.4017076e-02
   9.0090090e+13   1.3564265e+00  -7.3281549e-02
   9.1091091e+13   1.3976648e+00  -8.5591658e-02
   9.2092092e+13   1.4487024e+00  -1.0441895e-01
   9.3093093e+13   1.5118847e+00  -1.3351990e-01
   9.4094094e+13   1.5989673e+00  -1.8518485e-01
   9.5095095e+13   1.7025446e+00  -2.8350872e-01
   9.6096096e+13   1.7891949e+00  -4.6750353e-01
   9.7097097e+13   1.7939641e+00  -7.2242613e-01
   9.8098098e+13   1.6209254e+00  -9.6322112e-01
   9.9099099e+13   1.4497163e+00  -1.1148852e+00
   1.0010010e+14   1.2119588e+00  -1.1822255e+00
   1.0110110e+14   1.0152018e+00  -1.1483358e+00
   1.0210210e+14   8.4875549e-01  -1.0971570e+00
   1.0310310e+14   7.3128927e-01  -1.0601474e+00
   1.0410410e+14   6.1919575e-01  -1.0276102e+00
   1.0510511e+14   4.4629384e-01  -9.8844213e-01
   1.0610611e+14   2.6835114e-01  -8.7853555e-01
   1.0710711e+14   1.6378252e-01  -6.7908801e-01
   1.0810811e+14   1.4713284e-01  -4.7375824e-01
   1.0910911e+14   1.6778392e-01  -3.1255008e-01
   1.1011011e+14   2.3426957e-01  -1.7552330e-01
   1.1111111e+14   3.0302070e-01  -7.5315754e-02
   1.1211211e+14   3.9008723e-01  -7.0314141e-03
   1.1311311e+14   4.6823274e-01   3.0474721e-02
   1.1411411e+14   5.3894579e-01   4.7645400e-02
   1.1511512e+14   5.9428456e-01   5.1453449e-02
   1.1611612e+14   6.3724314e-01   4.8605784e-02
   1.1711712e+14   6.7003002e-01   4.4052061e-02
   1.1811812e+14   6.9567177e-01   3.8878138e-02
   1.1911912e+14   7.1525714e-01   3.4560164e-02
   1.2012012e+14   7.3132919e-01   3.2270705e-02
   1.2112112e+14   7.4456325e-01   3.1390613e-02
   1.2212212e+14   7.5716485e-01   3.1199976e-02
   1.2312312e+14   7.6867198e-01   3.1462695e-02
   1.2412412e+14   7.7926018e-01   3.2122524e-02
   1.2512513e+14   7.8900318e-01   3.2760720e-02
   1.2612613e+14   7.9824887e-01   3.3486382e-02
   1.2712713e+14   8.0710468e-01   3.4363443e-02
   1.2812813e+14   8.1560024e-01   3.5217109e-02
   1.2912913e+14   8.2388064e-01   3.5895709e-02
   1.3013013e+14   8.3195587e-01   3.6339407e-02
   1.3113113e+14   8.3978811e-01   3.6431516e-02
   1.3213213e+14   8.4729897e-01   3.6111250e-02
   1.3313313e+14   8.5439839e-01   3.5362339e-02
   1.3413413e+14   8.6104770e-01   3.4202593e-02
   1.3513514e+14   8.6709117e-01   3.2703641e-02
   1.3613614e+14   8.7252014e-01   3.0947895e-02
   1.3713714e+14   8.7726955e-01   2.9041353e-02
   1.3813814e+14   8.8136398e-01   2.7145845e-02
   1.3913914e+14   8.8483863e-01   2.5362916e-02
   1.4014014e+14   8.8777718e-01   2.3805881e-02
   1.4114114e+14   8.9029724e-01   2.2571065e-02
   1.4214214e+14   8.9250585e-01   2.1682219e-02
   1.4314314e+14   8.9456506e-01   2.1146787e-02
   1.4414414e+14   8.9657645e-01   2.0927639e-02
   1.4514515e+14   8.9864509e-01   2.0961874e-02
   1.4614615e+14   9.0083654e-01   2.1153444e-02
   1.4714715e+14   9.0314562e-01   2.1384426e-02
   1.4814815e+14   9.0564493e-01   2.1600944e-02
   1.4914915e+14   9.0821215e-01   2.1678537e-02
   1.5015015e+14   9.1077929e-01   2.1554304e-02
   1.5115115e+14   9.1327326e-01   2.1174225e-02
   1.5215215e+14   9.1568425e-01   2.0563751e-02
   1.5315315e+14   9.1775342e-01   1.9855349e-02
   1.5415415e+14   9.1939697e-01   1.9012714e-02
   1.5515516e+14   9.2071307e-01   1.8405156e-02
   1.5615616e+14   9.2191062e-01   1.8041033e-02
   1.5715716e+14   9.2316921e-01   1.8068413e-02
   1.5815816e+14   9.2450580e-01   1.8007299e-02
   1.5915916e+14   9.2587887e-01   1.8028116e-02
   1.6016016e+14   9.2725945e-01   1.8042663e-02
   1.6116116e+14   9.2867002e-01   1.8049461e-02
   1.6216216e+14   9.3007016e-01   1.8036284e-02
   1.6316316e+14   9.3144566e-01   1.8018544e-02
   1.6416416e+14   9.3281882e-01   1.7986046e-02
   1.6516517e+14   9.3419704e-01   1.7927897e-02
   1.6616617e+14   9.3557300e-01   1.7826665e-02
   1.6716717e+14   9.3692828e-01   1.7659496e-02
   1.6816817e+14   9.3823433e-01   1.7418258e-02
   1.6916917e+14   9.3946041e-01   1.7110745e-02
   1.7017017e+14   9.4057826e-01   1.6761380e-02
   1.7117117e+14   9.4157241e-01   1.6399150e-02
   1.7217217e+14   9.4244188e-01   1.6069350e-02
   1.7317317e+14   9.4320057e-01   1.5807918e-02
   1.7417417e+14   9.4387552e-01   1.5648379e-02
   1.7517518e+14   9.4451429e-01   1.5613178e-02
   1.7617618e+14   9.4516416e-01   1.5704197e-02
   1.7717718e+14   9.4587492e-01   1.5905915e-02
   1.7817818e+14   9.4668946e-01   1.6183762e-02
   1.7917918e+14   9.4763579e-01   1.6489269e-02
   1.8018018e+14   9.4872200e-01   1.6764998e-02
   1.8118118e+14   9.4993565e-01   1.6950788e-02
   1.8218218e+14   9.5124358e-01   1.6993657e-02
   1.8318318e+14   9.5259335e-01   1.6856278e-02
   1.8418418e+14   9.5391911e-01   1.6519018e-02
   1.8518519e+14   9.5515262e-01   1.5986110e-02
   1.8618619e+14   9.5622848e-01   1.5288634e-02
   1.8718719e+14   9.5709207e-01   1.4476954e-02
   1.8818819e+14   9.5771323e-01   1.3621439e-02
   1.8918919e+14   9.5807935e-01   1.2796823e-02
   1.9019019e+14   9.5821205e-01   1.2085341e-02
   1.9119119e+14   9.5815088e-01   1.1554541e-02
   1.9219219e+14   9.5796560e-01   1.1254106e-02
   1.9319319e+14   9.5773721e-01   1.1208773e-02
   1.9419419e+14   9.5754200e-01   1.1432053e-02
   1.9519520e+14   9.5747790e-01   1.1883092e-02
   1.9619620e+14   9.5760819e-01   1.2514186e-02
   1.9719720e+14   9.5796875e-01   1.3244873e-02
   1.9819820e+14   9.5861045e-01   1.3995516e-02
   1.9919920e+14   9.5952369e-01   1.4658531e-02
   2.0020020e+14   9.6063718e-01   1.5163795e-02
   2.0120120e+14   9.6191016e-01   1.5434735e-02
   2.0220220e+14   9.6325041e-01   1.5420446e-02
   2.0320320e+14   9.6454134e-01   1.5134652e-02
   2.0420420e+14   9.6573666e-01   1.4572945e-02
   2.0520521e+14   9.6672575e-01   1.3804191e-02
   2.0620621e+14   9.6745150e-01   1.2899270e-02
   2.0720721e+14   9.6788396e-01   1.1930137e-02
   2.0820821e+14   9.6801914e-01   1.0998415e-02
   2.0920921e+14   9.6789147e-01   1.0219888e-02
   2.1021021e+14   9.6755894e-01   9.6304479e-03
   2.1121121e+14   9.6708035e-01   9.3241413e-03
   2.1221221e+14   9.6656611e-01   9.2919539e-03
   2.1321321e+14   9.6611030e-01   9.5541626e-03
   2.1421421e+14   9.6579392e-01   1.0059969e-02
   2.1521522e+14   9.6568687e-01   1.0743616e-02
   2.1621622e+14   9.6583289e-01   1.1531442e-02
   2.1721722e+14   9.6624723e-01   1.2333915e-02
   2.1821822e+14   9.6692033e-01   1.3067016e-02
   2.1921922e+14   9.6780504e-01   1.3648129e-02
   2.2022022e+14   9.6884384e-01   1.4022068e-02
   2.2122122e+14   9.6995577e-01   1.4152090e-02
   2.2222222e+14   9.7106343e-01   1.4029862e-02
   2.2322322e+14   9.7208611e-01   1.3674102e-02
   2.2422422e+14   9.7295586e-01   1.3130880e-02
   2.2522523e+14   9.7362494e-01   1.2456818e-02
   2.2622623e+14   9.7406839e-01   1.1726803e-02
   2.2722723e+14   9.7428717e-01   1.1014365e-02
   2.2822823e+14   9.7430453e-01   1.0387442e-02
   2.2922923e+14   9.7416588e-01   9.8994291e-03
   2.3023023e+14   9.7392783e-01   9.5865343e-03
   2.3123123e+14   9.7365535e-01   9.4622857e-03
   2.3223223e+14   9.7341045e-01   9.5174847e-03
   2.3323323e+14   9.7324693e-01   9.7246823e-03
   2.3423423e+14   9.7320442e-01   1.0040857e-02
   2.3523524e+14   9.7330440e-01   1.0414846e-02
   2.3623624e+14   9.7354920e-01   1.0792924e-02
   2.3723724e+14   9.7392358e-01   1.1127108e-02
   2.3823824e+14   9.7439702e-01   1.1379266e-02
   2.3923924e+14   9.7493065e-01   1.1525581e-02
   2.4024024e+14   9.7548159e-01   1.1558632e-02
   2.4124124e+14   9.7600893e-01   1.1486644e-02
   2.4224224e+14   9.7648039e-01   1.1330541e-02
   2.4324324e+14   9.7687424e-01   1.1120414e-02
   2.4424424e+14   9.7718267e-01   1.0890463e-02
   2.4524525e+14   9.7741138e-01   1.0673102e-02
   2.4624625e+14   9.7757711e-01   1.0494999e-02
   2.4724725e+14   9.7770532e-01   1.0372582e-02
   2.4824825e+14   9.7782381e-01   1.0311201e-02
   2.4924925e+14   9.7795930e-01   1.0303475e-02
   2.5025025e+14   9.7813347e-01   1.0332213e-02
   2.5125125e+14   9.7835780e-01   1.0373816e-02
   2.5225225e+14   9.7863276e-01   1.0401437e-02
   2.5325325e+14   9.7894757e-01   1.0390186e-02
   2.5425425e+14   9.7928185e-01   1.0322124e-02
   2.5525526e+14   9.7960870e-01   1.0188365e-02
   2.5625626e+14   9.7989901e-01   9.9918084e-03
   2.5725726e+14   9.8012630e-01   9.7476371e-03
   2.5825826e+14   9.8027022e-01   9.4808615e-03
   2.5925926e+14   9.8032221e-01   9.2239645e-03
   2.6026026e+14   9.8028604e-01   9.0119291e-03
   2.6126126e+14   9.8017897e-01   8.8769786e-03
   2.6226226e+14   9.8003022e-01   8.8450467e-03
   2.6326326e+14   9.7987758e-01   8.9293092e-03
   2.6426426e+14   9.7976332e-01   9.1295328e-03
   2.6526527e+14   9.7972815e-01   9.4298711e-03
   2.6626627e+14   9.7980666e-01   9.8000083e-03
   2.6726727e+14   9.8002121e-01   1.0198314e-02
   2.6826827e+14   9.8037906e-01   1.0576223e-02
   2.6926927e+14   9.8087013e-01   1.0884057e-02
   2.7027027e+14   9.8146739e-01   1.1076793e-02
   2.7127127e+14   9.8212900e-01   1.1120511e-02
   2.7227227e+14   9.8280255e-01   1.0996538e-02
   2.7327327e+14   9.8343113e-01   1.0704963e-02
   2.7427427e+14   9.8395973e-01   1.0264969e-02
   2.7527528e+14   9.8434169e-01   9.7140832e-03
   2.7627628e+14   9.8454485e-01   9.1040845e-03
   2.7727728e+14   9.8455555e-01   8.4957920e-03
   2.7827828e+14   9.8438118e-01   7.9521165e-03
   2.7927928e+14   9.8404985e-01   7.5311282e-03
   2.8028028e+14   9.8360790e-01   7.2790131e-03
   2.8128128e+14   9.8311503e-01   7.2247529e-03
   2.8228228e+14   9.8263804e-01   7.3761011e-03
   2.8328328e+14   9.8224313e-01   7.7184344e-03
   2.8428428e+14   9.8198878e-01   8.2159704e-03
   2.8528529e+14   9.8191877e-01   8.8153451e-03
   2.8628629e+14   9.8205729e-01   9.4513920e-03
   2.8728729e+14   9.8240592e-01   1.0054329e-02
   2.8828829e+14   9.8294323e-01   1.0557374e-02
   2.8928929e+14   9.8362716e-01   1.0904370e-02
   2.9029029e+14   9.8439961e-01   1.1055750e-02
   2.9129129e+14   9.8519262e-01   1.0993180e-02
   2.9229229e+14   9.8593636e-01   1.0721511e-02
   2.9329329e+14   9.8656625e-01   1.0267989e-02
   2.9429429e+14   9.8703059e-01   9.6791021e-03
   2.9529530e+14   9.8729587e-01   9.0154424e-03
   2.9629630e+14   9.8735001e-01   8.3447098e-03
   2.9729730e+14   9.8720376e-01   7.7343526e-03
   2.9829830e+14   9.8688897e-01   7.2438982e-03
   2.9929930e+14   9.8645433e-01   6.9188553e-03
   3.0030030e+14   9.8596055e-01   6.7860405e-03
   3.0130130e+14   9.8547232e-01   6.8508091e-03
   3.0230230e+14   9.8505180e-01   7.0976608e-03
   3.0330330e+14   9.8475194e-01   7.4917471e-03
   3.0430430e+14   9.8461044e-01   7.9839630e-03
   3.0530531e+14   9.8464676e-01   8.5166120e-03
   3.0630631e+14   9.8486015e-01   9.0300833e-03
   3.0730731e+14   9.8523099e-01   9.4695626e-03
   3.0830831e+14   9.8572330e-01   9.7907007e-03
   3.0930931e+14   9.8628997e-01   9.9642520e-03
   3.1031031e+14   9.8687804e-01   9.9784168e-03
   3.1131131e+14   9.8743528e-01   9.8395230e-03
   3.1231231e+14   9.8791578e-01   9.5699836e-03
   3.1331331e+14   9.8828488e-01   9.2054635e-03
   3.1431431e+14   9.8852234e-01   8.7893578e-03
   3.1531532e+14   9.8862389e-01   8.3678153e-03
   3.1631632e+14   9.8860073e-01   7.9842844e-03
   3.1731732e+14   9.8847688e-01   7.6743512e-03
   3.1831832e+14   9.8828597e-01   7.4624243e-03
   3.1931932e+14   9.8806617e-01   7.3594055e-03
   3.2032032e+14   9.8785538e-01   7.3625634e-03
   3.2132132e+14   9.8768678e-01   7.4567691e-03
   3.2232232e+14   9.8758473e-01   7.6175114e-03
   3.2332332e+14   9.8756301e-01   7.8147263e-03
   3.2432432e+14   9.8762334e-01   8.0169979e-03
   3.2532533e+14   9.8775646e-01   8.1959853e-03
   3.2632633e+14   9.8794433e-01   8.3298531e-03
   3.2732733e+14   9.8816332e-01   8.4057984e-03
   3.2832833e+14   9.8838808e-01   8.4211921e-03
   3.2932933e+14   9.8859541e-01   8.3829986e-03
   3.3033033e+14   9.8876749e-01   8.3061255e-03
   3.3133133e+14   9.8889455e-01   8.2104728e-03
   3.3233233e+14   9.8897581e-01   8.1175005e-03
   3.3333333e+14   9.8901914e-01   8.0464961e-03
   3.3433433e+14   9.8903961e-01   8.0115221e-03
   3.3533534e+14   9.8905665e-01   8.0189341e-03
   3.3633634e+14   9.8909072e-01   8.0663490e-03
   3.3733734e+14   9.8915977e-01   8.1428829e-03
   3.3833834e+14   9.8927592e-01   8.2307569e-03
   3.3933934e+14   9.8944323e-01   8.3080692e-03
   3.4034034e+14   9.8965644e-01   8.3521825e-03
   3.4134134e+14   9.8990118e-01   8.3435097e-03
   3.4234234e+14   9.9015569e-01   8.2689036e-03
   3.4334334e+14   9.9039355e-01   8.1242242e-03
   3.4434434e+14   9.9058745e-01   7.9157692e-03
   3.4534535e+14   9.9071312e-01   7.6602226e-03
   3.4634635e+14   9.9075320e-01   7.3830702e-03
   3.4734735e+14   9.9070026e-01   7.1157088e-03
   3.4834835e+14   9.9055862e-01   6.8915773e-03
   3.4934935e+14   9.9034473e-01   6.7417486e-03
   3.5035035e+14   9.9008585e-01   6.6905693e-03
   3.5135135e+14   9.8981724e-01   6.7520708e-03
   3.5235235e+14   9.8957822e-01   6.9273760e-03
   3.5335335e+14   9.8940741e-01   7.2037589e-03
   3.5435435e+14   9.8933788e-01   7.5554106e-03
   3.5535536e+14   9.8939269e-01   7.9458207e-03
   3.5635636e+14   9.8958168e-01   8.3316874e-03
   3.5735736e+14   9.8989949e-01   8.6677785e-03
   3.5835836e+14   9.9032553e-01   8.9122346e-03
   3.5935936e+14   9.9082577e-01   9.0316546e-03
   3.6036036e+14   9.9135614e-01   9.0053846e-03
   3.6136136e+14   9.9186729e-01   8.8283247e-03
   3.6236236e+14   9.9231010e-01   8.5121602e-03
   3.6336336e+14   9.9264135e-01   8.0844435e-03
   3.6436436e+14   9.9282876e-01   7.5860169e-03
   3.6536537e+14   9.9285501e-01   7.0666516e-03
   3.6636637e+14   9.9271999e-01   6.5796833e-03
   3.6736737e+14   9.9244117e-01   6.1760766e-03
   3.6836837e+14   9.9205201e-01   5.8987005e-03
   3.6936937e+14   9.9159849e-01   5.7773963e-03
   3.7037037e+14   9.9113411e-01   5.8255143e-03
   3.7137137e+14   9.9071411e-01   6.0382201e-03
   3.7237237e+14   9.9038937e-01   6.3928868e-03
   3.7337337e+14   9.9020073e-01   6.8514636e-03
   3.7437437e+14   9.9017451e-01   7.3646072e-03
   3.7537538e+14   9.9031951e-01   7.8771016e-03
   3.7637638e+14   9.9062616e-01   8.3338848e-03
   3.7737738e+14   9.9106753e-01   8.6861297e-03
   3.7837838e+14   9.9160242e-01   8.8965406e-03
   3.7937938e+14   9.9217995e-01   8.9433710e-03
   3.8038038e+14   9.9274528e-01   8.8226297e-03
   3.8138138e+14   9.9324562e-01   8.5483392e-03
   3.8238238e+14   9.9363602e-01   8.1506815e-03
   3.8338338e+14   9.9388416e-01   7.6724489e-03
   3.8438438e+14   9.9397365e-01   7.1640715e-03
   3.8538539e+14   9.9390545e-01   6.6779208e-03
   3.8638639e+14   9.9369740e-01   6.2624836e-03
   3.8738739e+14   9.9338168e-01   5.9571175e-03
   3.8838839e+14   9.9300094e-01   5.7879995e-03
   3.8938939e+14   9.9260313e-01   5.7656489e-03
   3.9039039e+14   9.9223604e-01   5.8843286e-03
   3.9139139e+14   9.9194197e-01   6.1233209e-03
   3.9239239e+14   9.9175324e-01   6.4498633e-03
   3.9339339e+14   9.9168901e-01   6.8233753e-03
   3.9439439e+14   9.9175376e-01   7.2003872e-03
   3.9539540e+14   9.9193754e-01   7.5396194e-03
   3.9639640e+14   9.9221787e-01   7.8065576e-03
   3.9739740e+14   9.9256305e-01   7.9770128e-03
   3.9839840e+14   9.9293637e-01   8.0392671e-03
   3.9939940e+14   9.9330070e-01   7.9946655e-03
   4.0040040e+14   9.9362287e-01   7.8565307e-03
   4.0140140e+14   9.9387731e-01   7.6477952e-03
   4.0240240e+14   9.9404856e-01   7.3974813e-03
   4.0340340e+14   9.9413232e-01   7.1367758e-03
   4.0440440e+14   9.9413516e-01   6.8949790e-03
   4.0540541e+14   9.9407273e-01   6.6960305e-03
   4.0640641e+14   9.9396702e-01   6.5559011e-03
   4.0740741e+14   9.9384298e-01   6.4812443e-03
   4.0840841e+14   9.9372490e-01   6.4693176e-03
   4.0940941e+14   9.9363321e-01   6.5092231e-03
   4.1041041e+14   9.9358196e-01   6.5841252e-03
   4.1141141e+14   9.9357739e-01   6.6742088e-03
   4.1241241e+14   9.9361763e-01   6.7598358e-03
   4.1341341e+14   9.9369364e-01   6.8245287e-03
   4.1441441e+14   9.9379114e-01   6.8573306e-03
   4.1541542e+14   9.9389323e-01   6.8542417e-03
   4.1641642e+14   9.9398332e-01   6.8185526e-03
   4.1741742e+14   9.9404794e-01   6.7600237e-03
   4.1841842e+14   9.9407900e-01   6.6931176e-03
   4.1941942e+14   9.9407521e-01   6.6344937e-03
   4.2042042e+14   9.9404241e-01   6.6001214e-03
   4.2142142e+14   9.9399285e-01   6.6025174e-03
   4.2242242e+14   9.9394336e-01   6.6484147e-03
   4.2342342e+14   9.9391285e-01   6.7372944e-03
   4.2442442e+14   9.9391934e-01   6.8609400e-03
   4.2542543e+14   9.9397698e-01   7.0041535e-03
   4.2642643e+14   9.9409354e-01   7.1465553e-03
   4.2742743e+14   9.9426869e-01   7.2652342e-03
   4.2842843e+14   9.9449334e-01   7.3379206e-03
   4.2942943e+14   9.9475017e-01   7.3462601e-03
   4.3043043e+14   9.9501541e-01   7.2787366e-03
   4.3143143e+14   9.9526157e-01   7.1328320e-03
   4.3243243e+14   9.9546083e-01   6.9160837e-03
   4.3343343e+14   9.9558874e-01   6.6458845e-03
   4.3443443e+14   9.9562764e-01   6.3479386e-03
   4.3543544e+14   9.9556939e-01   6.0535646e-03
   4.3643644e+14   9.9541709e-01   5.7961140e-03
   4.3743744e+14   9.9518539e-01   5.6069471e-03
   4.3843844e+14   9.9489940e-01   5.5114374e-03
   4.3943944e+14   9.9459222e-01   5.5255376e-03
   4.4044044e+14   9.9430137e-01   5.6533429e-03
   4.4144144e+14   9.9406454e-01   5.8860018e-03
   4.4244244e+14   9.9391512e-01   6.2021521e-03
   4.4344344e+14   9.9387809e-01   6.5698912e-03
   4.4444444e+14   9.9396674e-01   6.9500749e-03
   4.4544545e+14   9.9418069e-01   7.3005915e-03
   4.4644645e+14   9.9450546e-01   7.5811312e-03
   4.4744745e+14   9.9491373e-01   7.7578631e-03
   4.4844845e+14   9.9536804e-01   7.8074898e-03
   4.4944945e+14   9.9582487e-01   7.7201655e-03
   4.5045045e+14   9.9623934e-01   7.5009047e-03
   4.5145145e+14   9.9657033e-01   7.1693126e-03
   4.5245245e+14   9.9678512e-01   6.7576194e-03
   4.5345345e+14   9.9686317e-01   6.3072558e-03
   4.5445445e+14   9.9679858e-01   5.8643233e-03
   4.5545546e+14   9.9660084e-01   5.4745096e-03
   4.5645646e+14   9.9629386e-01   5.1780198e-03
   4.5745746e+14   9.9591343e-01   5.0051023e-03
   4.5845846e+14   9.9550320e-01   4.9727031e-03
   4.5945946e+14   9.9510995e-01   5.0826260e-03
   4.6046046e+14   9.9477832e-01   5.3213866e-03
   4.6146146e+14   9.9454605e-01   5.6617985e-03
   4.6246246e+14   9.9443980e-01   6.0660764e-03
   4.6346346e+14   9.9447241e-01   6.4900881e-03
   4.6446446e+14   9.9464167e-01   6.8882711e-03
   4.6546547e+14   9.9493081e-01   7.2186336e-03
   4.6646647e+14   9.9531059e-01   7.4472795e-03
   4.6746747e+14   9.9574275e-01   7.5519411e-03
   4.6846847e+14   9.9618440e-01   7.5241496e-03
   4.6946947e+14   9.9659284e-01   7.3698103e-03
   4.7047047e+14   9.9693018e-01   7.1081653e-03
   4.7147147e+14   9.9716741e-01   6.7692786e-03
   4.7247247e+14   9.9728726e-01   6.3903985e-03
   4.7347347e+14   9.9728569e-01   6.0116069e-03
   4.7447447e+14   9.9717186e-01   5.6713002e-03
   4.7547548e+14   9.9696659e-01   5.4020080e-03
   4.7647648e+14   9.9669957e-01   5.2270330e-03
   4.7747748e+14   9.9640562e-01   5.1582669e-03
   4.7847848e+14   9.9612061e-01   5.1953971e-03
   4.7947948e+14   9.9587732e-01   5.3265512e-03
   4.8048048e+14   9.9570192e-01   5.5302521e-03
   4.8148148e+14   9.9561134e-01   5.7783994e-03
   4.8248248e+14   9.9561185e-01   6.0398828e-03
   4.8348348e+14   9.9569905e-01   6.2843769e-03
   4.8448448e+14   9.9585897e-01   6.4858403e-03
   4.8548549e+14   9.9607047e-01   6.6253129e-03
   4.8648649e+14   9.9630820e-01   6.6926918e-03
   4.8748749e+14   9.9654603e-01   6.6873155e-03
   4.8848849e+14   9.9676034e-01   6.6173296e-03
   4.8948949e+14   9.9693276e-01   6.4979732e-03
   4.9049049e+14   9.9705216e-01   6.3490551e-03
   4.9149149e+14   9.9711545e-01   6.1919810e-03
   4.9249249e+14   9.9712736e-01   6.0467507e-03
   4.9349349e+14   9.9709914e-01   5.9293208e-03
   4.9449449e+14   9.9704641e-01   5.8496818e-03
   4.9549550e+14   9.9698653e-01   5.8108843e-03
   4.9649650e+14   9.9693587e-01   5.8091094e-03
   4.9749750e+14   9.9690734e-01   5.8347504e-03
   4.9849850e+14   9.9690852e-01   5.8743069e-03
   4.9949950e+14   9.9694073e-01   5.9128060e-03
   5.0050050e+14   9.9699899e-01   5.9363859e-03
   5.0150150e+14   9.9707309e-01   5.9346529e-03
   5.0250250e+14   9.9714934e-01   5.9024741e-03
   5.0350350e+14   9.9721297e-01   5.8409367e-03
   5.0450450e+14   9.9725071e-01   5.7573232e-03
   5.0550551e+14   9.9725309e-01   5.6641164e-03
   5.0650651e+14   9.9721635e-01   5.5771503e-03
   5.0750751e+14   9.9714344e-01   5.5131719e-03
   5.0850851e+14   9.9704398e-01   5.4871666e-03
   5.0950951e+14   9.9693333e-01   5.5098208e-03
   5.1051051e+14   9.9683065e-01   5.5854984e-03
   5.1151151e+14   9.9675633e-01   5.7110381e-03
   5.1251251e+14   9.9672909e-01   5.8755770e-03
   5.1351351e+14   9.9676314e-01   6.0614534e-03
   5.1451451e+14   9.9686586e-01   6.2461193e-03
   5.1551552e+14   9.9703615e-01   6.4048425e-03
   5.1651652e+14   9.9726402e-01   6.5138473e-03
   5.1751752e+14   9.9753115e-01   6.5535248e-03
   5.1851852e+14   9.9781274e-01   6.5112596e-03
   5.1951952e+14   9.9808016e-01   6.3835131e-03
   5.2052052e+14   9.9830435e-01   6.1768538e-03
   5.2152152e+14   9.9845935e-01   5.9077619e-03
   5.2252252e+14   9.9852565e-01   5.6011888e-03
   5.2352352e+14   9.9849292e-01   5.2880084e-03
   5.2452452e+14   9.9836171e-01   5.0016278e-03
   5.2552553e+14   9.9814387e-01   4.7741529e-03
   5.2652653e+14   9.9786173e-01   4.6325641e-03
   5.2752753e+14   9.9754590e-01   4.5953496e-03
   5.2852853e+14   9.9723206e-01   4.6700415e-03
   5.2952953e+14   9.9695703e-01   4.8519439e-03
   5.3053053e+14   9.9675464e-01   5.1242678e-03
   5.3153153e+14   9.9665173e-01   5.4596619e-03
   5.3253253e+14   9.9666495e-01   5.8230152e-03
   5.3353353e+14   9.9679862e-01   6.1752193e-03
   5.3453453e+14   9.9704397e-01   6.4774705e-03
   5.3553554e+14   9.9737983e-01   6.6956185e-03
   5.3653654e+14   9.9777478e-01   6.8040661e-03
   5.3753754e+14   9.9819052e-01   6.7887497e-03
   5.3853854e+14   9.9858601e-01   6.6488474e-03
   5.3953954e+14   9.9892200e-01   6.3970108e-03
   5.4054054e+14   9.9916538e-01   6.0580639e-03
   5.4154154e+14   9.9929289e-01   5.6663270e-03
   5.4254254e+14   9.9929373e-01   5.2618511e-03
   5.4354354e+14   9.9917069e-01   4.8860016e-03
   5.4454454e+14   9.9893990e-01   4.5768967e-03
   5.4554555e+14   9.9862891e-01   4.3652236e-03
   5.4654655e+14   9.9827361e-01   4.2709140e-03
   5.4754755e+14   9.9791420e-01   4.3010580e-03
   5.4854855e+14   9.9759069e-01   4.4492884e-03
   5.4954955e+14   9.9733849e-01   4.6966836e-03
   5.5055055e+14   9.9718464e-01   5.0140839e-03
   5.5155155e+14   9.9714495e-01   5.3655150e-03
   5.5255255e+14   9.9722252e-01   5.7123171e-03
   5.5355355e+14   9.9740779e-01   6.0174880e-03
   5.5455455e+14   9.9767989e-01   6.2497212e-03
   5.5555556e+14   9.9800938e-01   6.3866999e-03
   5.5655656e+14   9.9836175e-01   6.4172514e-03
   5.5755756e+14   9.9870152e-01   6.3421787e-03
   5.5855856e+14   9.9899618e-01   6.1736778e-03
   5.5955956e+14   9.9921971e-01   5.9334774e-03
   5.6056056e+14   9.9935522e-01   5.6499570e-03
   5.6156156e+14   9.9939638e-01   5.3546168e-03
   5.6256256e+14   9.9934758e-01   5.0783463e-03
   5.6356356e+14   9.9922283e-01   4.8479423e-03
   5.6456456e+14   9.9904362e-01   4.6832808e-03
   5.6556557e+14   9.9883593e-01   4.5954551e-03
   5.6656657e+14   9.9862692e-01   4.5860586e-03
   5.6756757e+14   9.9844172e-01   4.6476495e-03
   5.6856857e+14   9.9830054e-01   4.7652735e-03
   5.6956957e+14   9.9821662e-01   4.9188201e-03
   5.7057057e+14   9.9819519e-01   5.0858621e-03
   5.7157157e+14   9.9823342e-01   5.2446057e-03
   5.7257257e+14   9.9832150e-01   5.3765740e-03
   5.7357357e+14   9.9844441e-01   5.4686851e-03
   5.7457457e+14   9.9858440e-01   5.5144979e-03
   5.7557558e+14   9.9872352e-01   5.5144963e-03
   5.7657658e+14   9.9884617e-01   5.4754210e-03
   5.7757758e+14   9.9894105e-01   5.4087884e-03
   5.7857858e+14   9.9900246e-01   5.3288244e-03
   5.7957958e+14   9.9903069e-01   5.2501271e-03
   5.8058058e+14   9.9903160e-01   5.1853915e-03
   5.8158158e+14   9.9901527e-01   5.1435099e-03
   5.8258258e+14   9.9899419e-01   5.1283132e-03
   5.8358358e+14   9.9898105e-01   5.1381212e-03
   5.8458458e+14   9.9898658e-01   5.1661476e-03
   5.8558559e+14   9.9901771e-01   5.2016968e-03
   5.8658659e+14   9.9907626e-01   5.2319781e-03
   5.8758759e+14   9.9915855e-01   5.2442703e-03
   5.8858859e+14   9.9925573e-01   5.2281173e-03
   5.8958959e+14   9.9935498e-01   5.1772457e-03
   5.9059059e+14   9.9944140e-01   5.0908990e-03
   5.9159159e+14   9.9950026e-01   4.9743965e-03
   5.9259259e+14   9.9951938e-01   4.8387936e-03
   5.9359359e+14   9.9949118e-01   4.6996704e-03
   5.9459459e+14   9.9941433e-01   4.5751837e-03
   5.9559560e+14   9.9929443e-01   4.4836200e-03
   5.9659660e+14   9.9914383e-01   4.4407847e-03
   5.9759760e+14   9.9898051e-01   4.4575596e-03
   5.9859860e+14   9.9882607e-01   4.5380018e-03
   5.9959960e+14   9.9870310e-01   4.6782344e-03
   6.0060060e+14   9.9863228e-01   4.8663451e-03
   6.0160160e+14   9.9862954e-01   5.0833340e-03
   6.0260260e+14   9.9870370e-01   5.3050436e-03
   6.0360360e+14   9.9885487e-01   5.5048652e-03
   6.0460460e+14   9.9907385e-01   5.6568943e-03
   6.0560561e+14   9.9934277e-01   5.7391699e-03
   6.0660661e+14   9.9963671e-01   5.7365657e-03
   6.0760761e+14   9.9992638e-01   5.6429812e-03
   6.0860861e+14   1.0001814e+00   5.4625112e-03
   6.0960961e+14   1.0003738e+00   5.2094328e-03
   6.1061061e+14   1.0004814e+00   4.9069579e-03
   6.1161161e+14   1.0004909e+00   4.5848770e-03
   6.1261261e+14   1.0003992e+00   4.2763428e-03
   6.1361361e+14   1.0002147e+00   4.0141634e-03
   6.1461461e+14   9.9995619e-01   3.8270348e-03
   6.1561562e+14   9.9965127e-01   3.7361589e-03
   6.1661662e+14   9.9933337e-01   3.7526607e-03
   6.1761762e+14   9.9903808e-01   3.8761180e-03
   6.1861862e+14   9.9879922e-01   4.0943878e-03
   6.1961962e+14   9.9864499e-01   4.3847799e-03
   6.2062062e+14   9.9859480e-01   4.7164410e-03
   6.2162162e+14   9.9865698e-01   5.0536955e-03
   6.2262262e+14   9.9882776e-01   5.3599521e-03
   6.2362362e+14   9.9909165e-01   5.6017443e-03
   6.2462462e+14   9.9942306e-01   5.7524275e-03
   6.2562563e+14   9.9978910e-01   5.7951191e-03
   6.2662663e+14   1.0001532e+00   5.7245482e-03
   6.2762763e+14   1.0004793e+00   5.5475924e-03
   6.2862863e+14   1.0007353e+00   5.2824665e-03
   6.2962963e+14   1.0008972e+00   4.9566434e-03
   6.3063063e+14   1.0009512e+00   4.6037653e-03
   6.3163163e+14   1.0008951e+00   4.2598946e-03
   6.3263263e+14   1.0007386e+00   3.9595458e-03
   6.3363363e+14   1.0005018e+00   3.7319390e-03
   6.3463463e+14   1.0002132e+00   3.5979037e-03
   6.3563564e+14   9.9990583e-01   3.5677802e-03
   6.3663664e+14   9.9961403e-01   3.6405252e-03
   6.3763764e+14   9.9936940e-01   3.8041208e-03
   6.3863864e+14   9.9919748e-01   4.0371949e-03
   6.3963964e+14   9.9911511e-01   4.3116636e-03
   6.4064064e+14   9.9912885e-01   4.5960513e-03
   6.4164164e+14   9.9923464e-01   4.8590967e-03
   6.4264264e+14   9.9941861e-01   5.0732220e-03
   6.4364364e+14   9.9965906e-01   5.2174630e-03
   6.4464464e+14   9.9992926e-01   5.2795311e-03
   6.4564565e+14   1.0002006e+00   5.2567964e-03
   6.4664665e+14   1.0004461e+00   5.1561137e-03
   6.4764765e+14   1.0006433e+00   4.9925362e-03
   6.4864865e+14   1.0007764e+00   4.7871338e-03
   6.4964965e+14   1.0008382e+00   4.5641917e-03
   6.5065065e+14   1.0008298e+00   4.3481670e-03
   6.5165165e+14   1.0007606e+00   4.1607842e-03
   6.5265265e+14   1.0006460e+00   4.0186117e-03
   6.5365365e+14   1.0005054e+00   3.9314279e-03
   6.5465465e+14   1.0003595e+00   3.9015126e-03
   6.5565566e+14   1.0002275e+00   3.9239439e-03
   6.5665666e+14   1.0001251e+00   3.9878017e-03
   6.5765766e+14   1.0000621e+00   4.0780792e-03
   6.5865866e+14   1.0000423e+00   4.1780211e-03
   6.5965966e+14   1.0000630e+00   4.2715607e-03
   6.6066066e+14   1.0001161e+00   4.3455119e-03
   6.6166166e+14   1.0001898e+00   4.3912293e-03
   6.6266266e+14   1.0002704e+00   4.4055360e-03
   6.6366366e+14   1.0003449e+00   4.3907995e-03
   6.6466466e+14   1.0004026e+00   4.3541859e-03
   6.6566567e+14   1.0004370e+00   4.3062204e-03
   6.6666667e+14   1.0004466e+00   4.2588756e-03
   6.6766767e+14   1.0004350e+00   4.2234868e-03
   6.6866867e+14   1.0004102e+00   4.2087910e-03
   6.6966967e+14   1.0003833e+00   4.2193899e-03
   6.7067067e+14   1.0003665e+00   4.2548564e-03
   6.7167167e+14   1.0003709e+00   4.3096261e-03
   6.7267267e+14   1.0004050e+00   4.3736897e-03
   6.7367367e+14   1.0004726e+00   4.4340059e-03
   6.7467467e+14   1.0005720e+00   4.4764387e-03
   6.7567568e+14   1.0006959e+00   4.4879413e-03
   6.7667668e+14   1.0008320e+00   4.4587035e-03
   6.7767768e+14   1.0009647e+00   4.3839184e-03
   6.7867868e+14   1.0010765e+00   4.2649417e-03
   6.7967968e+14   1.0011511e+00   4.1096276e-03
   6.8068068e+14   1.0011754e+00   3.9317821e-03
   6.8168168e+14   1.0011415e+00   3.7497513e-03
   6.8268268e+14   1.0010486e+00   3.5843149e-03
   6.8368368e+14   1.0009031e+00   3.4561300e-03
   6.8468468e+14   1.0007190e+00   3.3830286e-03
   6.8568569e+14   1.0005158e+00   3.3775367e-03
   6.8668669e+14   1.0003173e+00   3.4449324e-03
   6.8768769e+14   1.0001484e+00   3.5821131e-03
   6.8868869e+14   1.0000320e+00   3.7774561e-03
   6.8968969e+14   9.9998671e-01   4.0117302e-03
   6.9069069e+14   1.0000237e+00   4.2599825e-03
   6.9169169e+14   1.0001454e+00   4.4942113e-03
   6.9269269e+14   1.0003445e+00   4.6865212e-03
   6.9369369e+14   1.0006049e+00   4.8123993e-03
   6.9469469e+14   1.0009023e+00   4.8537148e-03
   6.9569570e+14   1.0012077e+00   4.8010694e-03
   6.9669670e+14   1.0014897e+00   4.6552088e-03
   6.9769770e+14   1.0017185e+00   4.4272785e-03
   6.9869870e+14   1.0018692e+00   4.1378851e-03
   6.9969970e+14   1.0019250e+00   3.8150266e-03
   7.0070070e+14   1.0018787e+00   3.4911161e-03
   7.0170170e+14   1.0017345e+00   3.1994334e-03
   7.0270270e+14   1.0015072e+00   2.9704018e-03
   7.0370370e+14   1.0012210e+00   2.8281321e-03
   7.0470470e+14   1.0009067e+00   2.7876345e-03
   7.0570571e+14   1.0005986e+00   2.8530362e-03
   7.0670671e+14   1.0003307e+00   3.0170170e-03
   7.0770771e+14   1.0001328e+00   3.2615494e-03
   7.0870871e+14   1.0000270e+00   3.5598504e-03
   7.0970971e+14   1.0000258e+00   3.8793380e-03
   7.1071071e+14   1.0001301e+00   4.1852363e-03
   7.1171171e+14   1.0003296e+00   4.4444293e-03
   7.1271271e+14   1.0006039e+00   4.6290991e-03
   7.1371371e+14   1.0009246e+00   4.7197465e-03
   7.1471471e+14   1.0012588e+00   4.7072387e-03
   7.1571572e+14   1.0015728e+00   4.5936587e-03
   7.1671672e+14   1.0018356e+00   4.3918883e-03
   7.1771772e+14   1.0020225e+00   4.1239711e-03
   7.1871872e+14   1.0021175e+00   3.8184726e-03
   7.1971972e+14   1.0021148e+00   3.5071755e-03
   7.2072072e+14   1.0020195e+00   3.2214764e-03
   7.2172172e+14   1.0018463e+00   2.9889390e-03
   7.2272272e+14   1.0016178e+00   2.8303719e-03
   7.2372372e+14   1.0013615e+00   2.7577710e-03
   7.2472472e+14   1.0011069e+00   2.7733345e-03
   7.2572573e+14   1.0008817e+00   2.8696236e-03
   7.2672673e+14   1.0007090e+00   3.0308255e-03
   7.2772773e+14   1.0006053e+00   3.2349198e-03
   7.2872873e+14   1.0005781e+00   3.4564662e-03
   7.2972973e+14   1.0006265e+00   3.6696635e-03
   7.3073073e+14   1.0007410e+00   3.8513001e-03
   7.3173173e+14   1.0009056e+00   3.9832607e-03
   7.3273273e+14   1.0010997e+00   4.0542968e-03
   7.3373373e+14   1.0013011e+00   4.0608939e-03
   7.3473473e+14   1.0014886e+00   4.0071611e-03
   7.3573574e+14   1.0016442e+00   3.9038063e-03
   7.3673674e+14   1.0017555e+00   3.7663664e-03
   7.3773774e+14   1.0018162e+00   3.6129456e-03
   7.3873874e+14   1.0018272e+00   3.4617679e-03
   7.3973974e+14   1.0017950e+00   3.3288671e-03
   7.4074074e+14   1.0017312e+00   3.2261996e-03
   7.4174174e+14   1.0016500e+00   3.1604056e-03
   7.4274274e+14   1.0015663e+00   3.1323580e-03
   7.4374374e+14   1.0014935e+00   3.1375188e-03
   7.4474474e+14   1.0014420e+00   3.1670222e-03
   7.4574575e+14   1.0014173e+00   3.2093214e-03
   7.4674675e+14   1.0014201e+00   3.2521277e-03
   7.4774775e+14   1.0014462e+00   3.2843893e-03
   7.4874875e+14   1.0014875e+00   3.2980040e-03
   7.4974975e+14   1.0015335e+00   3.2890372e-03
   7.5075075e+14   1.0015733e+00   3.2582739e-03
   7.5175175e+14   1.0015972e+00   3.2110296e-03
   7.5275275e+14   1.0015986e+00   3.1562464e-03
   7.5375375e+14   1.0015754e+00   3.1050145e-03
   7.5475475e+14   1.0015299e+00   3.0687199e-03
   7.5575576e+14   1.0014693e+00   3.0571004e-03
   7.5675676e+14   1.0014048e+00   3.0764879e-03
   7.5775776e+14   1.0013493e+00   3.1285039e-03
   7.5875876e+14   1.0013162e+00   3.2094086e-03
   7.5975976e+14   1.0013173e+00   3.3102339e-03
   7.6076076e+14   1.0013601e+00   3.4176977e-03
   7.6176176e+14   1.0014474e+00   3.5158106e-03
   7.6276276e+14   1.0015753e+00   3.5879683e-03
   7.6376376e+14   1.0017342e+00   3.6192721e-03
   7.6476476e+14   1.0019091e+00   3.5987448e-03
   7.6576577e+14   1.0020811e+00   3.5211612e-03
   7.6676677e+14   1.0022300e+00   3.3881965e-03
   7.6776777e+14   1.0023367e+00   3.2087342e-03
   7.6876877e+14   1.0023857e+00   2.9982379e-03
   7.6976977e+14   1.0023674e+00   2.7772338e-03
   7.7077077e+14   1.0022795e+00   2.5690645e-03
   7.7177177e+14   1.0021281e+00   2.3971701e-03
   7.7277277e+14   1.0019269e+00   2.2822239e-03
   7.7377377e+14   1.0016966e+00   2.2394797e-03
   7.7477477e+14   1.0014623e+00   2.2766675e-03
   7.7577578e+14   1.0012508e+00   2.3927175e-03
   7.7677678e+14   1.0010877e+00   2.5774963e-03
   7.7777778e+14   1.0009943e+00   2.8126179e-03
   7.7877878e+14   1.0009848e+00   3.0732602e-03
   7.7977978e+14   1.0010645e+00   3.3307992e-03
   7.8078078e+14   1.0012292e+00   3.5559610e-03
   7.8178178e+14   1.0014648e+00   3.7221377e-03
   7.8278278e+14   1.0017491e+00   3.8084691e-03
   7.8378378e+14   1.0020542e+00   3.8023376e-03
   7.8478478e+14   1.0023489e+00   3.7009581e-03
   7.8578579e+14   1.0026028e+00   3.5118794e-03
   7.8678679e+14   1.0027893e+00   3.2523208e-03
   7.8778779e+14   1.0028887e+00   2.9473966e-03
   7.8878879e+14   1.0028904e+00   2.6274296e-03
   7.8978979e+14   1.0027944e+00   2.3246587e-03
   7.9079079e+14   1.0026112e+00   2.0696932e-03
   7.9179179e+14   1.0023607e+00   1.8881428e-03
   7.9279279e+14   1.0020699e+00   1.7977873e-03
   7.9379379e+14   1.0017704e+00   1.8066151e-03
   7.9479479e+14   1.0014943e+00   1.9119654e-03
   7.9579580e+14   1.0012714e+00   2.1008567e-03
   7.9679680e+14   1.0011253e+00   2.3514663e-03
   7.9779780e+14   1.0010713e+00   2.6355906e-03
   7.9879880e+14   1.0011144e+00   2.9218017e-03
   7.9979980e+14   1.0012494e+00   3.1789316e-03
   8.0080080e+14   1.0014613e+00   3.3794865e-03
   8.0180180e+14   1.0017270e+00   3.5025970e-03
   8.0280280e+14   1.0020183e+00   3.5361834e-03
   8.0380380e+14   1.0023051e+00   3.4780894e-03
   8.0480480e+14   1.0025585e+00   3.3360683e-03
   8.0580581e+14   1.0027541e+00   3.1266524e-03
   8.0680681e+14   1.0028747e+00   2.8730566e-03
   8.0780781e+14   1.0029119e+00   2.6023725e-03
   8.0880881e+14   1.0028664e+00   2.3424104e-03
   8.0980981e+14   1.0027482e+00   2.1185542e-03
   8.1081081e+14   1.0025745e+00   1.9510100e-03
   8.1181181e+14   1.0023678e+00   1.8527583e-03
   8.1281281e+14   1.0021530e+00   1.8284217e-03
   8.1381381e+14   1.0019541e+00   1.8741692e-03
   8.1481481e+14   1.0017921e+00   1.9786164e-03
   8.1581582e+14   1.0016823e+00   2.1245809e-03
   8.1681682e+14   1.0016329e+00   2.2914467e-03
   8.1781782e+14   1.0016447e+00   2.4578206e-03
   8.1881882e+14   1.0017113e+00   2.6041326e-03
   8.1981982e+14   1.0018205e+00   2.7148760e-03
   8.2082082e+14   1.0019560e+00   2.7802019e-03
   8.2182182e+14   1.0021002e+00   2.7967048e-03
   8.2282282e+14   1.0022360e+00   2.7673417e-03
   8.2382382e+14   1.0023495e+00   2.7005279e-03
   8.2482482e+14   1.0024309e+00   2.6085674e-03
   8.2582583e+14   1.0024761e+00   2.5056663e-03
   8.2682683e+14   1.0024865e+00   2.4058069e-03
   8.2782783e+14   1.0024684e+00   2.3207780e-03
   8.2882883e+14   1.0024314e+00   2.2586347e-03
   8.2982983e+14   1.0023872e+00   2.2227710e-03
   8.3083083e+14   1.0023472e+00   2.2117228e-03
   8.3183183e+14   1.0023209e+00   2.2197081e-03
   8.3283283e+14   1.0023145e+00   2.2377947e-03
   8.3383383e+14   1.0023297e+00   2.2555265e-03
   8.3483483e+14   1.0023636e+00   2.2627526e-03
   8.3583584e+14   1.0024096e+00   2.2513942e-03
   8.3683684e+14   1.0024579e+00   2.2168909e-03
   8.3783784e+14   1.0024975e+00   2.1591066e-03
   8.3883884e+14   1.0025178e+00   2.0825603e-03
   8.3983984e+14   1.0025108e+00   1.9959402e-03
   8.4084084e+14   1.0024723e+00   1.9109510e-03
   8.4184184e+14   1.0024029e+00   1.8406481e-03
   8.4284284e+14   1.0023084e+00   1.7974833e-03
   8.4384384e+14   1.0021994e+00   1.7913307e-03
   8.4484484e+14   1.0020901e+00   1.8277693e-03
   8.4584585e+14   1.0019965e+00   1.9068805e-03
   8.4684685e+14   1.0019343e+00   2.0227427e-03
   8.4784785e+14   1.0019166e+00   2.1637330e-03
   8.4884885e+14   1.0019523e+00   2.3136234e-03
   8.4984985e+14   1.0020440e+00   2.4533726e-03
   8.5085085e+14   1.0021874e+00   2.5634049e-03
   8.5185185e+14   1.0023714e+00   2.6260949e-03
   8.5285285e+14   1.0025789e+00   2.6281560e-03
   8.5385385e+14   1.0027888e+00   2.5626070e-03
   8.5485485e+14   1.0029778e+00   2.4300517e-03
   8.5585586e+14   1.0031236e+00   2.2390814e-03
   8.5685686e+14   1.0032076e+00   2.0057063e-03
   8.5785786e+14   1.0032172e+00   1.7518387e-03
   8.5885886e+14   1.0031476e+00   1.5029999e-03
   8.5985986e+14   1.0030027e+00   1.2854721e-03
   8.6086086e+14   1.0027956e+00   1.1232581e-03
   8.6186186e+14   1.0025465e+00   1.0351794e-03
   8.6286286e+14   1.0022814e+00   1.0324968e-03
   8.6386386e+14   1.0020292e+00   1.1173365e-03
   8.6486486e+14   1.0018180e+00   1.2821486e-03
   8.6586587e+14   1.0016726e+00   1.5102732e-03
   8.6686687e+14   1.0016108e+00   1.7775953e-03
   8.6786787e+14   1.0016421e+00   2.0550878e-03
   8.6886887e+14   1.0017656e+00   2.3119885e-03
   8.6986987e+14   1.0019704e+00   2.5192214e-03
   8.7087087e+14   1.0022366e+00   2.6526835e-03
   8.7187187e+14   1.0025375e+00   2.6960008e-03
   8.7287287e+14   1.0028420e+00   2.6424291e-03
   8.7387387e+14   1.0031188e+00   2.4956721e-03
   8.7487487e+14   1.0033392e+00   2.2695173e-03
   8.7587588e+14   1.0034807e+00   1.9863321e-03
   8.7687688e+14   1.0035293e+00   1.6745796e-03
   8.7787788e+14   1.0034810e+00   1.3656645e-03
   8.7887888e+14   1.0033423e+00   1.0904545e-03
   8.7987988e+14   1.0031293e+00   8.7588869e-04
   8.8088088e+14   1.0028658e+00   7.4206467e-04
   8.8188188e+14   1.0025808e+00   7.0012177e-04
   8.8288288e+14   1.0023048e+00   7.5116562e-04
   8.8388388e+14   1.0020669e+00   8.8633152e-04
   8.8488488e+14   1.0018914e+00   1.0879682e-03
   8.8588589e+14   1.0017952e+00   1.3317790e-03
   8.8688689e+14   1.0017863e+00   1.5896628e-03
   8.8788789e+14   1.0018631e+00   1.8329101e-03
   8.8888889e+14   1.0020148e+00   2.0353787e-03
   8.8988989e+14   1.0022229e+00   2.1762893e-03
   8.9089089e+14   1.0024638e+00   2.2423251e-03
   8.9189189e+14   1.0027113e+00   2.2288202e-03
   8.9289289e+14   1.0029395e+00   2.1399218e-03
   8.9389389e+14   1.0031262e+00   1.9877395e-03
   8.9489489e+14   1.0032548e+00   1.7906231e-03
   8.9589590e+14   1.0033158e+00   1.5707899e-03
   8.9689690e+14   1.0033080e+00   1.3516093e-03
   8.9789790e+14   1.0032377e+00   1.1548776e-03
   8.9889890e+14   1.0031176e+00   9.9840706e-04
   8.9989990e+14   1.0029655e+00   8.9420221e-04
   9.0090090e+14   1.0028009e+00   8.4742231e-04
   9.0190190e+14   1.0026437e+00   8.5622504e-04
   9.0290290e+14   1.0025108e+00   9.1246681e-04
   9.0390390e+14   1.0024150e+00   1.0031421e-03
   9.0490490e+14   1.0023633e+00   1.1123478e-03
   9.0590591e+14   1.0023566e+00   1.2235009e-03
   9.0690691e+14   1.0023900e+00   1.3215121e-03
   9.0790791e+14   1.0024541e+00   1.3946380e-03
   9.0890891e+14   1.0025364e+00   1.4357852e-03
   9.0990991e+14   1.0026234e+00   1.4431010e-03
   9.1091091e+14   1.0027024e+00   1.4198196e-03
   9.1191191e+14   1.0027637e+00   1.3733946e-03
   9.1291291e+14   1.0028012e+00   1.3140696e-03
   9.1391391e+14   1.0028138e+00   1.2531015e-03
   9.1491491e+14   1.0028048e+00   1.2009146e-03
   9.1591592e+14   1.0027811e+00   1.1654226e-03
   9.1691692e+14   1.0027524e+00   1.1507894e-03
   9.1791792e+14   1.0027290e+00   1.1567885e-03
   9.1891892e+14   1.0027202e+00   1.1788603e-03
   9.1991992e+14   1.0027327e+00   1.2088482e-03
   9.2092092e+14   1.0027692e+00   1.2363250e-03
   9.2192192e+14   1.0028279e+00   1.2502944e-03
   9.2292292e+14   1.0029024e+00   1.2410521e-03
   9.2392392e+14   1.0029826e+00   1.2018932e-03
   9.2492492e+14   1.0030561e+00   1.1304568e-03
   9.2592593e+14   1.0031097e+00   1.0294577e-03
   9.2692693e+14   1.0031318e+00   9.0670165e-04
   9.2792793e+14   1.0031139e+00   7.7435039e-04
   9.2892893e+14   1.0030526e+00   6.4750429e-04
   9.2992993e+14   1.0029500e+00   5.4228100e-04
   9.3093093e+14   1.0028143e+00   4.7363033e-04
   9.3193193e+14   1.0026590e+00   4.5318121e-04
   9.3293293e+14   1.0025015e+00   4.8739993e-04
   9.3393393e+14   1.0023611e+00   5.7634214e-04
   9.3493493e+14   1.0022567e+00   7.1316781e-04
   9.3593594e+14   1.0022043e+00   8.8453403e-04
   9.3693694e+14   1.0022149e+00   1.0718375e-03
   9.3793794e+14   1.0022924e+00   1.2531948e-03
   9.3893894e+14   1.0024334e+00   1.4059294e-03
   9.3993994e+14   1.0026266e+00   1.5092767e-03
   9.4094094e+14   1.0028539e+00   1.5469792e-03
   9.4194194e+14   1.0030923e+00   1.5094490e-03
   9.4294294e+14   1.0033165e+00   1.3952075e-03
   9.4394394e+14   1.0035012e+00   1.2114226e-03
   9.4494494e+14   1.0036249e+00   9.7343576e-04
   9.4594595e+14   1.0036716e+00   7.0330219e-04
   9.4694695e+14   1.0036335e+00   4.2751422e-04
   9.4794795e+14   1.0035120e+00   1.7412154e-04
   9.4894895e+14   1.0033176e+00  -3.0395957e-05
   9.4994995e+14   1.0030692e+00  -1.6416619e-04
   9.5095095e+14   1.0027922e+00  -2.1249687e-04
   9.5195195e+14   1.0025155e+00  -1.6969192e-04
   9.5295295e+14   1.0022688e+00  -3.9871720e-05
   9.5395395e+14   1.0020789e+00   1.6330627e-04
   9.5495495e+14   1.0019671e+00   4.1800779e-04
   9.5595596e+14   1.0019462e+00   6.9653795e-04
   9.5695696e+14   1.0020196e+00   9.6833284e-04
   9.5795796e+14   1.0021803e+00   1.2033135e-03
   9.5895896e+14   1.0024121e+00   1.3752086e-03
   9.5995996e+14   1.0026908e+00   1.4644631e-03
   9.6096096e+14   1.0029874e+00   1.4604064e-03
   9.6196196e+14   1.0032710e+00   1.3624193e-03
   9.6296296e+14   1.0035121e+00   1.1799735e-03
   9.6396396e+14   1.0036862e+00   9.3153223e-04
   9.6496496e+14   1.0037761e+00   6.4244811e-04
   9.6596597e+14   1.0037738e+00   3.4209850e-04
   9.6696697e+14   1.0036816e+00   6.0597833e-05
   9.6796797e+14   1.0035111e+00  -1.7453403e-04
   9.6896897e+14   1.0032822e+00  -3.4135899e-04
   9.6996997e+14   1.0030205e+00  -4.2582472e-04
   9.7097097e+14   1.0027546e+00  -4.2313654e-04
   9.7197197e+14   1.0025124e+00  -3.3803565e-04
   9.7297297e+14   1.0023186e+00  -1.8399412e-04
   9.7397397e+14   1.0021913e+00   1.8567751e-05
   9.7497497e+14   1.0021411e+00   2.4480605e-04
   9.7597598e+14   1.0021695e+00   4.6840307e-04
   9.7697698e+14   1.0022695e+00   6.6458810e-04
   9.7797798e+14   1.0024265e+00   8.1285821e-04
   9.7897898e+14   1.0026205e+00   8.9910122e-04
   9.7997998e+14   1.0028286e+00   9.1687617e-04
   9.8098098e+14   1.0030279e+00   8.6773769e-04
   9.8198198e+14   1.0031978e+00   7.6059664e-04
   9.8298298e+14   1.0033226e+00   6.1024204e-04
   9.8398398e+14   1.0033930e+00   4.3522810e-04
   9.8498498e+14   1.0034064e+00   2.5542783e-04
   9.8598599e+14   1.0033674e+00   8.9561537e-05
   9.8698699e+14   1.0032859e+00  -4.6989483e-05
   9.8798799e+14   1.0031763e+00  -1.4381847e-04
   9.8898899e+14   1.0030547e+00  -1.9640096e-04
   9.8998999e+14   1.0029371e+00  -2.0618936e-04
   9.9099099e+14   1.0028371e+00  -1.7992990e-04
   9.9199199e+14   1.0027645e+00  -1.2831878e-04
   9.9299299e+14   1.0027241e+00  -6.4208883e-05
   9.9399399e+14   1.0027156e+00  -6.3298690e-07
   9.9499499e+14   1.0027340e+00   5.1084065e-05
   9.9599600e+14   1.0027707e+00   8.2868840e-05
   9.9699700e+14   1.0028151e+00   9.0900062e-05
   9.9799800e+14   1.0028563e+00   7.5927593e-05
   9.9899900e+14   1.0028852e+00   4.2908081e-05
   1.0000000e+15   1.0028956e+00   6.9957957e-13
